450
783
448
892
459
594
533
560
230
596
693
967
339
399
999
646
663
648
900
566
488
421
824
575
238
492
882
528
966
398
564
408
848
484
625
546
434
1131
848
480
488
377
568
318
817
817
1018
628
755
579
450
663
894
570
419
897
659
739
1178
432
598
890
1039
485
422
511
944
540
574
569
577
550
685
711
909
856
441
424
752
558
842
319
934
476
280
535
292
399
591
756
361
651
646
578
875
879
639
501
693
318
665
429
338
1162
613
398
479
785
546
841
521
350
447
258
673
1007
508
261
448
606
866
893
483
1048
847
676
269
436
232
448
483
540
553
297
525
236
283
602
315
867
723
590
471
631
736
781
412
641
752
357
742
446
914
1099
472
454
526
850
583
822
442
616
796
605
463
420
525
422
771
416
658
897
568
414
810
587
875
543
280
741
474
729
478
436
548
694
559
330
434
616
529
376
376
932
328
347
327
907
646
593
475
745
589
407
499
271
350
360
548
533
936
671
809
630
336
903
346
668
583
307
376
326
289
584
544
501
448
470
606
872
393
443
577
218
716
437
505
849
784
782
400
590
863
796
607
366
553
532
292
386
774
501
526
504
813
374
471
211
392
412
638
583
510
434
883
626
806
223
790
544
708
528
449
492
595
1022
775
468
538
310
586
587
597
252
897
484
486
597
549
635
522
767
363
706
203
783
905
349
496
217
480
918
598
300
453
713
447
581
326
524
585
903
959
498
419
689
277
976
818
441
771
1200
449
595
609
270
559
633
957
320
643
326
566
258
466
335
576
731
418
300
924
449
186
591
649
229
577
560
709
886
410
920
258
458
717
365
336
743
408
542
815
927
780
283
594
501
643
635
561
478
686
391
485
639
461
902
343
486
465
557
625
448
1034
458
730
492
429
1088
416
879
301
249
907
1080
715
429
628
477
423
439
586
447
1558
600
362
777
643
301
908
441
591
339
468
337
295
461
752
534
417
432
780
489
436
575
308
513
598
958
371
545
583
578
745
385
598
869
922
519
859
391
706
621
230
517
1194
900
367
715
324
252
958
284
246
658
476
569
538
386
758
483
434
560
513
601
487
618
433
913
276
364
589
442
703
551
676
632
829
352
417
645
284
591
465
270
441
616
430
1155
418
809
376
433
993
561
600
403
411
480
517
466
412
565
460
334
1089
468
494
283
793
865
527
517
518
723
299
1160
326
542
758
564
481
326
1035
375
705
814
362
587
619
400
725
885
538
920
363
291
663
268
295
888
780
510
703
699
250
747
556
570
364
390
301
685
757
602
296
698
799
668
547
435
560
387
595
743
446
909
331
918
878
858
806
206
752
734
351
285
919
474
469
547
531
439
508
486
210
672
281
428
382
905
462
407
409
498
938
497
1067
603
409
249
739
343
1103
744
677
938
797
776
958
443
747
770
546
516
630
854
808
471
304
840
414
250
831
699
538
296
613
739
969
937
842
725
593
908
755
511
655
462
527
472
420
599
815
915
613
311
303
847
547
818
1196
576
502
432
490
412
538
424
294
525
465
692
535
579
514
731
552
245
581
241
542
356
258
764
657
358
752
689
471
453
849
326
474
411
565
472
691
766
312
273
360
1283
574
409
600
562
584
434
1142
434
435
246
592
811
496
562
471
540
523
606
480
660
438
576
896
555
425
591
709
483
366
566
488
535
1088
831
735
497
498
284
666
396
499
330
583
1057
477
643
706
538
525
717
470
596
502
497
444
858
763
1196
455
521
489
588
500
255
546
1065
404
867
851
404
302
499
456
520
865
694
708
337
878
267
838
392
886
196
742
482
237
461
749
1129
893
614
459
303
423
813
482
453
886
617
1050
193
406
404
454
217
469
548
890
552
568
733
587
650
768
635
555
506
433
412
586
397
923
598
323
637
808
592
463
1167
457
471
470
561
424
808
356
912
456
271
310
505
773
338
391
769
524
635
399
836
886
701
782
467
507
388
571
752
729
503
360
460
537
742
279
592
445
510
461
565
736
734
578
691
376
659
595
472
700
448
397
718
374
546
606
445
985
1052
567
353
888
920
360
861
1196
231
854
1088
588
473
487
387
418
709
352
389
714
597
558
714
455
344
429
423
662
435
584
517
568
477
490
600
265
627
765
456
440
605
702
630
335
1045
342
1102
834
430
889
636
485
358
458
357
441
686
508
1200
435
499
371
658
450
770
334
819
942
385
887
854
395
705
432
783
440
884
462
508
869
592
602
744
857
1195
589
602
441
650
767
919
267
667
745
600
859
847
573
461
539
617
877
439
364
252
508
582
413
837
465
843
362
227
871
881
315
603
303
419
308
513
